funcid,dim,milestone,error
1,10,1,5.420793e+09
1,10,2,3.167039e+09
1,10,3,2.982803e+09
1,10,5,2.775703e+09
1,10,10,1.635053e+09
1,10,20,6.291302e+08
1,10,30,1.104452e+08
1,10,40,1.183133e+07
1,10,50,4.575852e+05
1,10,60,2.840647e+04
1,10,70,2.646665e+03
1,10,80,9.321099e+02
1,10,90,5.178349e+02
1,10,100,4.897132e+02
1,10,1,6.003444e+09
1,10,2,5.587360e+09
1,10,3,4.120779e+09
1,10,5,2.395293e+09
1,10,10,8.039808e+08
1,10,20,2.059463e+08
1,10,30,2.575861e+07
1,10,1,2.563455e+09
1,10,2,1.897188e+09
1,10,3,1.704099e+09
1,10,5,1.580745e+09
1,10,10,7.202340e+08
1,10,20,4.370210e+07
1,10,30,4.704571e+06
1,10,40,2.694270e+05
1,10,1,6.295268e+09
1,10,2,3.055224e+09
1,10,3,2.755283e+09
1,10,5,2.055585e+09
1,10,10,2.083275e+08
1,10,20,4.328671e+07
1,10,30,4.619087e+06
1,10,1,1.724731e+09
1,10,2,1.644403e+09
1,10,3,1.559365e+09
1,10,5,1.525742e+09
1,10,10,5.265016e+08
1,10,20,8.016393e+07
1,10,30,5.362426e+06
1,10,40,3.190847e+05
1,10,1,4.393266e+09
1,10,2,3.734330e+09
1,10,3,2.382010e+09
1,10,5,2.078015e+09
1,10,10,9.537746e+08
1,10,20,1.099272e+08
1,10,30,1.804927e+06
1,10,40,2.819298e+04
1,10,50,2.004647e+03
1,10,60,3.058651e+02
1,10,70,6.280880e+01
1,10,80,4.593809e+01
1,10,90,4.318776e+01
1,10,100,4.200912e+01
1,10,1,2.959173e+09
1,10,2,2.855033e+09
1,10,3,2.551673e+09
1,10,5,1.766534e+09
1,10,10,1.038887e+09
1,10,20,2.288875e+08
1,10,30,1.582341e+07
1,10,40,2.740417e+05
1,10,50,3.328836e+04
1,10,60,3.679760e+03
1,10,70,1.090563e+02
1,10,80,4.409467e+01
1,10,90,1.189679e+01
1,10,100,5.709825e+00
1,10,1,3.763727e+09
1,10,2,3.381446e+09
1,10,3,3.062742e+09
1,10,5,2.922114e+09
1,10,10,1.334627e+09
1,10,20,2.145357e+08
1,10,30,1.220496e+07
1,10,40,3.325759e+05
1,10,50,1.039826e+04
1,10,60,1.008930e+03
1,10,70,1.333876e+02
1,10,80,5.842798e+01
1,10,90,1.837324e+01
1,10,100,7.713347e+00
1,10,1,1.721813e+09
1,10,2,1.203018e+09
1,10,3,1.132574e+09
1,10,5,8.824700e+08
1,10,10,3.281229e+08
1,10,20,4.857171e+06
1,10,30,8.061148e+04
1,10,40,2.551335e+04
1,10,50,3.112378e+03
1,10,60,6.762627e+02
1,10,70,4.692989e+02
1,10,80,4.375431e+02
1,10,90,4.368622e+02
1,10,100,4.364125e+02
1,10,1,4.293047e+09
1,10,2,2.675376e+09
1,10,3,1.510712e+09
1,10,5,8.596801e+08
1,10,10,6.887302e+08
1,10,20,4.002724e+07
1,10,30,1.885940e+06
1,10,40,2.982200e+05
1,10,50,1.852413e+04
1,10,60,1.187028e+02
1,10,70,2.291678e+01
1,10,80,7.752027e+00
1,10,90,6.415143e+00
1,10,100,6.108690e+00
1,10,1,4.639840e+09
1,10,2,4.376162e+09
1,10,3,3.853558e+09
1,10,5,3.547781e+09
1,10,10,1.801467e+09
1,10,20,2.532662e+08
1,10,30,1.172086e+07
1,10,40,3.410903e+05
1,10,50,2.769197e+04
1,10,60,1.274445e+03
1,10,70,9.634326e+01
1,10,80,3.257153e+01
1,10,90,2.176631e+01
1,10,100,1.676143e+01
1,10,1,5.205391e+09
1,10,2,3.586211e+09
1,10,3,1.564564e+09
1,10,5,1.351225e+09
1,10,10,9.452374e+08
1,10,20,8.460700e+07
1,10,30,5.578124e+06
1,10,40,3.331594e+05
1,10,50,1.440923e+04
1,10,60,1.882167e+03
1,10,70,8.297896e+02
1,10,80,6.120692e+01
1,10,90,1.968807e+01
1,10,100,6.369544e+00
1,10,1,3.698497e+09
1,10,2,3.281591e+09
1,10,3,3.257707e+09
1,10,5,2.939256e+09
1,10,10,2.508507e+09
1,10,20,1.369311e+09
1,10,30,4.924340e+08
1,10,40,3.005586e+07
1,10,50,1.028068e+06
1,10,60,4.322246e+04
1,10,70,5.170260e+03
1,10,80,4.064418e+02
1,10,90,1.092811e+02
1,10,100,4.654393e+01
1,10,1,2.799897e+09
1,10,2,2.345815e+09
1,10,3,2.109170e+09
1,10,5,1.879639e+09
1,10,10,1.179030e+09
1,10,20,2.061813e+08
1,10,30,2.041192e+07
1,10,40,1.332276e+06
1,10,50,1.439607e+05
1,10,60,6.751901e+03
1,10,70,8.718568e+02
1,10,80,3.362895e+01
1,10,90,3.786944e+00
1,10,100,8.336914e-01
1,10,1,4.811892e+09
1,10,2,4.549554e+09
1,10,3,4.341274e+09
1,10,5,2.908112e+09
1,10,10,1.590555e+09
1,10,20,4.995369e+08
1,10,30,3.170001e+07
1,10,40,1.486472e+06
1,10,50,1.053329e+05
1,10,60,1.354856e+04
1,10,70,1.329484e+03
1,10,80,8.457987e+01
1,10,1,4.811892e+09
1,10,2,4.549554e+09
1,10,3,4.341274e+09
1,10,5,2.908112e+09
1,10,10,1.590555e+09
1,10,20,4.995369e+08
1,10,30,3.170001e+07
1,10,40,1.486472e+06
1,10,50,1.053329e+05
1,10,60,1.354856e+04
1,10,70,1.329484e+03
1,10,80,8.457987e+01
1,10,90,3.645805e+01
1,10,100,1.583670e+01
1,10,1,4.811892e+09
1,10,2,4.549554e+09
1,10,3,4.341274e+09
1,10,5,2.908112e+09
1,10,10,1.590555e+09
1,10,20,4.995369e+08
1,10,30,3.170001e+07
1,10,40,1.486472e+06
1,10,50,1.053329e+05
1,10,60,1.354856e+04
1,10,70,1.329484e+03
1,10,80,8.457987e+01
1,10,90,3.645805e+01
1,10,100,1.583670e+01
1,10,1,4.811892e+09
1,10,2,4.549554e+09
1,10,3,4.341274e+09
1,10,5,2.908112e+09
1,10,10,1.590555e+09
1,10,20,4.995369e+08
1,10,30,3.170001e+07
1,10,40,1.486472e+06
1,10,50,1.053329e+05
1,10,60,1.354856e+04
1,10,70,1.329484e+03
1,10,80,8.457987e+01
1,10,90,3.645805e+01
1,10,100,1.583670e+01
1,10,1,4.811892e+09
1,10,2,4.549554e+09
1,10,3,4.341274e+09
1,10,5,2.908112e+09
1,10,10,1.590555e+09
1,10,20,4.995369e+08
1,10,30,3.170001e+07
1,10,40,1.486472e+06
1,10,50,1.053329e+05
1,10,60,1.354856e+04
1,10,70,1.329484e+03
1,10,80,8.457987e+01
1,10,90,3.645805e+01
1,10,100,1.583670e+01
1,10,1,4.811892e+09
1,10,2,4.549554e+09
1,10,3,4.341274e+09
1,10,5,2.908112e+09
1,10,10,1.888746e+09
1,10,20,1.903867e+08
1,10,30,4.578236e+07
1,10,40,1.424717e+06
1,10,50,3.046475e+05
1,10,60,3.790478e+04
1,10,70,1.521867e+03
1,10,80,4.997125e+02
1,10,90,2.447368e+02
1,10,100,2.338528e+02
1,10,1,4.811892e+09
1,10,2,4.549554e+09
1,10,3,4.341274e+09
1,10,5,2.908112e+09
1,10,10,1.888746e+09
1,10,20,1.903867e+08
1,10,1,4.811892e+09
1,10,2,4.549554e+09
1,10,3,4.341274e+09
1,10,5,2.908112e+09
1,10,10,1.590555e+09
1,10,1,4.811892e+09
1,10,2,4.549554e+09
1,10,3,4.341274e+09
1,10,5,2.908112e+09
1,10,10,1.590555e+09
1,10,1,4.811892e+09
1,10,2,4.549554e+09
1,10,3,4.341274e+09
1,10,5,2.908112e+09
1,10,10,1.590555e+09
1,10,20,4.995369e+08
1,10,30,3.170001e+07
1,10,40,1.486472e+06
1,10,50,1.053329e+05
1,10,60,1.354856e+04
1,10,70,1.329484e+03
1,10,80,8.457987e+01
1,10,90,3.645805e+01
1,10,100,1.583670e+01
1,10,1,4.811892e+09
1,10,2,4.549554e+09
1,10,3,4.341274e+09
1,10,5,2.908112e+09
1,10,10,1.888746e+09
1,10,20,4.483327e+08
1,10,1,4.811892e+09
1,10,2,4.549554e+09
1,10,3,4.341274e+09
1,10,5,2.908112e+09
1,10,10,1.888746e+09
1,10,1,4.811892e+09
1,10,2,4.549554e+09
1,10,3,4.341274e+09
1,10,5,2.908112e+09
1,10,10,1.888746e+09
1,10,20,4.483327e+08
1,10,30,1.127982e+08
1,10,1,4.811892e+09
1,10,2,4.549554e+09
1,10,3,4.341274e+09
1,10,5,2.908112e+09
1,10,10,1.888746e+09
1,10,1,4.811892e+09
1,10,2,4.549554e+09
1,10,3,4.341274e+09
1,10,5,2.908112e+09
1,10,10,1.888746e+09
1,10,1,4.811892e+09
1,10,2,4.549554e+09
1,10,3,4.341274e+09
1,10,5,2.908112e+09
1,10,10,1.888746e+09
1,10,1,4.811892e+09
1,10,2,4.549554e+09
1,10,3,4.341274e+09
1,10,5,2.908112e+09
1,10,10,1.888746e+09
1,10,1,4.811892e+09
1,10,2,4.549554e+09
1,10,3,4.341274e+09
1,10,5,2.908112e+09
1,10,10,2.066939e+09
1,10,1,4.811892e+09
1,10,2,4.549554e+09
1,10,3,4.341274e+09
1,10,5,2.908112e+09
1,10,10,1.888746e+09
1,10,1,4.811892e+09
1,10,2,4.549554e+09
1,10,3,4.341274e+09
1,10,5,2.908112e+09
1,10,1,4.811892e+09
1,10,2,4.549554e+09
1,10,3,4.341274e+09
1,10,5,2.908112e+09
1,10,1,4.811892e+09
1,10,2,4.549554e+09
1,10,3,4.341274e+09
1,10,5,2.908112e+09
1,10,10,2.066939e+09
1,10,1,4.811892e+09
1,10,2,4.549554e+09
1,10,3,4.341274e+09
1,10,5,2.908112e+09
1,10,10,1.767943e+09
1,10,1,4.811892e+09
1,10,2,4.549554e+09
1,10,3,4.341274e+09
1,10,5,2.908112e+09
1,10,10,1.767943e+09
1,10,1,4.811892e+09
1,10,2,4.549554e+09
1,10,3,4.341274e+09
1,10,5,2.908112e+09
1,10,10,1.767943e+09
1,10,1,4.811892e+09
1,10,2,4.549554e+09
1,10,3,4.341274e+09
1,10,5,2.908112e+09
1,10,10,1.767943e+09
1,10,20,5.796975e+08
1,10,30,3.492573e+07
1,10,40,8.660426e+05
1,10,50,6.735181e+04
1,10,60,1.645004e+04
1,10,70,3.036063e+03
1,10,80,1.307786e+03
1,10,90,6.733693e+02
1,10,100,1.980765e+02
1,10,1,4.811892e+09
1,10,2,4.549554e+09
1,10,3,4.341274e+09
1,10,5,2.908112e+09
1,10,10,1.767943e+09
1,10,20,5.796975e+08
1,10,1,4.811892e+09
1,10,2,4.549554e+09
1,10,3,4.341274e+09
1,10,5,2.908112e+09
1,10,10,1.767943e+09
1,10,20,5.796975e+08
1,10,30,3.492573e+07
1,10,40,8.660426e+05
1,10,50,6.735181e+04
1,10,60,1.645004e+04
1,10,70,3.036063e+03
1,10,80,1.307786e+03
1,10,90,6.733693e+02
1,10,100,1.980765e+02
1,10,1,4.811892e+09
1,10,2,4.549554e+09
1,10,3,4.341274e+09
1,10,5,2.908112e+09
1,10,10,1.767943e+09
1,10,20,5.796975e+08
1,10,30,3.492573e+07
1,10,40,8.660426e+05
1,10,50,6.735181e+04
1,10,60,1.645004e+04
1,10,70,3.036063e+03
1,10,80,1.307786e+03
1,10,90,6.733693e+02
1,10,100,1.980765e+02
1,10,1,4.811892e+09
1,10,2,4.549554e+09
1,10,3,4.341274e+09
1,10,5,2.908112e+09
1,10,10,1.888746e+09
1,10,20,4.483327e+08
1,10,30,1.127982e+08
1,10,40,3.379225e+06
1,10,50,1.621167e+06
1,10,60,1.507740e+06
1,10,70,6.711418e+05
1,10,80,4.866828e+05
1,10,90,2.464247e+05
1,10,100,2.421438e+05
1,10,1,4.811892e+09
1,10,2,4.549554e+09
1,10,3,4.341274e+09
1,10,5,2.908112e+09
1,10,10,1.767943e+09
1,10,20,5.796975e+08
1,10,30,3.492573e+07
1,10,40,8.660426e+05
1,10,50,6.735181e+04
1,10,60,1.645004e+04
1,10,70,3.036063e+03
1,10,80,1.307786e+03
1,10,90,6.733693e+02
1,10,100,1.980765e+02
1,10,1,3.555770e+09
1,10,2,3.475781e+09
1,10,3,1.649764e+09
1,10,5,1.218372e+09
1,10,10,4.495473e+08
1,10,20,1.974879e+07
1,10,30,1.929576e+06
1,10,40,6.646082e+04
1,10,50,1.637067e+03
1,10,60,3.834937e+02
1,10,70,1.435569e+02
1,10,80,1.333753e+02
1,10,90,1.181881e+02
1,10,100,9.805415e+01
1,10,1,4.811892e+09
1,10,2,4.549554e+09
1,10,3,4.341274e+09
1,10,5,2.908112e+09
1,10,10,1.221774e+09
1,10,20,1.313021e+08
1,10,30,2.264178e+07
1,10,40,2.580324e+06
1,10,50,5.962828e+05
1,10,60,3.390508e+05
1,10,70,1.127639e+05
1,10,80,9.439008e+04
1,10,90,8.741450e+04
1,10,100,8.293889e+04
1,10,1,4.811892e+09
1,10,2,4.549554e+09
1,10,3,4.341274e+09
1,10,5,2.908112e+09
1,10,10,1.888746e+09
1,10,20,4.483327e+08
1,10,30,1.127982e+08
1,10,40,3.379225e+06
1,10,50,1.621167e+06
1,10,60,1.507740e+06
1,10,70,6.711418e+05
1,10,80,4.866828e+05
1,10,90,2.464247e+05
1,10,100,2.421438e+05
1,10,1,4.811892e+09
1,10,2,4.549554e+09
1,10,3,4.341274e+09
1,10,5,2.908112e+09
1,10,10,1.972193e+09
1,10,20,9.954950e+08
1,10,30,9.445470e+08
1,10,40,8.685724e+08
1,10,50,3.835904e+08
1,10,60,2.845115e+08
1,10,70,2.653499e+08
1,10,80,1.985534e+08
1,10,90,1.578523e+08
1,10,100,1.315588e+08
1,10,1,4.811892e+09
1,10,2,4.549554e+09
1,10,3,4.341274e+09
1,10,5,2.908112e+09
1,10,10,1.888746e+09
1,10,20,4.483327e+08
1,10,30,1.127982e+08
1,10,40,3.379225e+06
1,10,50,1.621167e+06
1,10,60,1.507740e+06
1,10,70,6.711418e+05
1,10,80,4.866828e+05
1,10,90,2.464247e+05
1,10,100,2.421438e+05
1,10,1,4.811892e+09
1,10,2,4.549554e+09
1,10,3,4.341274e+09
1,10,5,2.908112e+09
1,10,10,1.888746e+09
1,10,20,4.483327e+08
1,10,30,1.127982e+08
1,10,40,3.379225e+06
1,10,50,1.621167e+06
1,10,60,1.507740e+06
1,10,70,6.711418e+05
1,10,80,4.866828e+05
1,10,90,2.464247e+05
1,10,100,2.421438e+05
